11000110011110001100011100000000111100001111110000111000
00000000000000000000000000000000000000000000000000000000
00000000000000001000000000010000000000001000000000000000
00000001000000000000000000000000001000000000000000000000
00000000000000000000000000000000000000000000000000000000
00000000000000000000000000000000000000000010000000000000
00000000000100000000000000000000010000000000000000000000
00000000000000000000000100000000000000000000000000000000
00000000000000000000000000000000000000100000000000000000
11000111001110000011001111000011111000011111100011111001
